1.025438982791335163e-02
-3.304357578512332611e-02
5.070089691461625581e-01
4.805355234960891897e-01
-6.122780463350702140e-01
-2.125980483220615280e-01
-1.200298250285368962e+00
-4.674934716208577895e-02
5.558348113631257359e-01
-1.770785922245256439e+00
3.685089825413240261e-01
6.395291609589414117e-01
-5.267876336627917988e-01
4.940878815720734507e-01
-9.042514440722566604e-01
1.779910410587391967e-01
2.496380090437775867e-01
-7.335879007078713876e-01
-1.990624320079406873e-01
1.161826014827180176e+00
-8.941904742411170559e-02
-4.250340330493690422e-02
-7.212388727315114378e-01
1.685454233928741496e-01
-2.821484171527978424e-02
-2.106958068738755130e-01
3.523194158756636218e-01
-6.825514226985576749e-02
-1.144902861224620649e-01
1.300856583773709385e+00
7.339847684432000419e-01
-2.475873616637097874e-01
5.731901076548651108e-01
-2.301495109856397381e-01
-6.234827593810712276e-01
4.853033933935235189e-01
1.454480534050716090e+00
1.002814561086466105e-01
-2.672230559541572958e-01
-6.691315125644735629e-01
5.311608092381386870e-01
-1.138229564615124811e+00
-2.393049482557270680e-01
1.277141632458622111e-01
-7.272768229908384008e-01
5.489761543861316762e-01
1.972522531612534713e-01
-2.359587293879298331e-01
-7.673923858156339595e-01
-7.929772989803938188e-01
-1.974573079465974657e-01
2.534193005286505262e-01
-2.891888682419335721e-01
-1.279977394793513135e+00
-1.695633294114191891e-01
8.090353546565020038e-01
3.572284098599720070e-01
6.155578353684593162e-01
8.242780411341851243e-01
-1.359679048853554617e+00
-2.592287231925647917e-01
9.961503183804508721e-01
3.684893733854234243e-01
3.630875929133775548e-01
7.661328436747949500e-01
-4.556086408611178529e-01
6.426746266620735337e-01
1.722090677754709309e-01
2.574536704225400263e-01
3.751367212040269128e-01
4.448009809819071791e-01
1.087940523924749936e+00
3.805546643863577660e-01
-8.939072842598269619e-02
4.831042761343947167e-01
-3.729621538766949018e-01
-6.640607581345499000e-01
-4.108610399282336401e-01
-6.209717320792099704e-01
-1.032606318727192329e+00
3.378721628615600769e-01
-6.750670350652569762e-02
4.991517197124410998e-01
-4.687496250185714808e-01
1.109851527905814317e+00
-1.573093866902857962e-01
-2.792632585864828210e-01
8.670508577434087316e-01
-5.101526525527486644e-01
-4.159794162812353591e-01
3.654653989320389429e-01
-1.197482730438778287e+00
8.798089153124940553e-01
4.156110057177963002e-01
-4.608648805560248141e-01
-4.891639895872337274e-01
1.693731100972002634e+00
1.666591472426627585e-02
-4.245742645493845169e-01
-4.416094795255433025e-01
-1.725229060175141049e-01
4.302269453276267863e-01
-1.049752645402782653e-01
-1.777042969464246724e-01
-1.901798539082243611e+00
-7.569379589197668956e-01
-3.891074252032717951e-01
7.060376842438231826e-01
4.526938090720536434e-02
8.945055056292401385e-01
1.714551732962485420e-01
-4.429111509002146008e-01
-8.672091776257399021e-01
-3.407696822233466927e-01
-1.092247263259828793e+00
-1.700743197741398649e-02
-4.029354284991251700e-01
-1.382448779769144709e+00
1.617215104016321015e-01
8.666137136036490274e-01
-2.151746568925490266e-01
6.380305555309412346e-01
3.509472951904132332e-01
-2.106938506390680921e-01
3.425404430688226004e-02
8.866439495991351727e-01
-2.079987022799716437e-02
3.355590543214801436e-01
-3.304768968416627040e-01
9.270946557657138154e-01
-6.665741210699316355e-01
5.368158853165909683e-01
8.724828272451685685e-01
5.771850284650789087e-01
6.083788565308145824e-01
-9.311389657130082764e-02
-3.328500863776907015e-01
2.287767226065500203e-01
-7.997693045997151806e-01
8.708831935953497139e-01
1.004602118575262049e+00
-2.182643146060630757e-01
2.156758167399735748e-01
-5.494610146639561377e-01
-4.221839365941655875e-01
6.376021223397615456e-01
-4.654971470445168347e-01
-1.949747157088355665e-01
-1.330266725209174883e+00
-6.865729305610467348e-01
-9.257862711629428754e-01
-2.568432677311744960e-01
-1.175784147765743581e+00
-2.689835697775081469e-01
1.274877433516695246e+00
7.112459045941229574e-01
-1.661164807152549217e-01
-3.556338727866239502e-01
2.676094070745602682e-01
-7.971167183007407675e-02
-3.480119402136142570e-01
-5.280601585909125983e-01
-4.499901533979340507e-02
8.777390215442836263e-01
-8.297697200307496690e-01
-2.765317048679898360e-01
6.461164874919478329e-01
1.573266670443487225e+00
8.852152237626161879e-01
-1.501311435995131005e-01
-1.267223433397545840e+00
5.729735718229067576e-01
1.519785313939882587e-01
-7.706143452170161057e-01
-9.607599412651115500e-01
7.264197378254293458e-01
3.736099770693959710e-01
-3.701966097458257721e-02
-2.414189611511204647e-01
-3.509588193298457948e-01
7.616004257092550134e-01
1.732440371176879323e-01
1.282313204111881433e+00
1.120348991666220151e-01
3.818637903660778710e-01
-3.286794760927297387e-01
8.413486054586386542e-01
-8.813629845493621273e-01
-1.244415400244889724e+00
1.044825878202603864e+00
1.300842766208552548e-01
3.605781072267741916e-01
-1.702186470822449338e-01
2.216273165864395267e-01
1.180035293810307584e+00
-4.562168538180851329e-01
3.232133808883932424e-01
-3.521377838809604532e-01
1.409351384201870151e-02
-2.500861678093282414e-01
-9.166159998419088906e-01
-1.186589888120109126e+00
7.876031363767834748e-01
-4.594388771040743835e-01
3.948096939908210534e-02
5.297995442973620905e-01
-7.578059424340304051e-02
-4.199287602595398461e-01
1.320117186946923926e+00
-4.084649784002973294e-01
-5.591594559027025513e-01
1.803181175876593378e-01
2.789593193698818377e-02
-1.290715942973259811e-01
2.494808294763103673e-01
-8.191965365859589232e-01
8.744896786628464369e-01
-7.119794443331562972e-01
-7.142472828271879959e-02
5.225452959096060779e-01
7.596570135295749315e-02
-4.256052581389091483e-02
-8.243868725715171319e-02
1.425537196707410970e-01
1.079446585492730870e+00
6.429805067243836714e-01
4.620809948493821429e-01
9.580374850435772194e-01
-1.015731123536131264e+00
-7.077546030726589166e-01
-6.777174430272489558e-02
-7.675734653360796189e-01
-5.871159937339532481e-02
5.468616449008809610e-01
4.066153008449756578e-01
6.258185493318069170e-01
-8.447215009346719095e-01
-2.940190860387513760e-01
3.018665765767529763e-01
1.640095859533911848e-01
-4.159755853166019479e-01
1.014621484009489372e+00
-3.918834035623947054e-01
-5.342017549730868620e-01
6.687833579108158899e-01
-1.255477003903217481e+00
2.835807390279594387e-01
2.508694663049000906e-01
6.423699902837435305e-01
-4.696759307867993116e-01
3.573106158718453718e-01
-5.604935877138811362e-01
7.588974580793583780e-01
-1.581104079949056107e-01
-1.068045581570814972e+00
3.328366867340601387e-01
-9.114014991484624684e-01
-1.933377458283140893e-01
6.506659481107780474e-01
-3.461289226903409566e-01
-3.847516944794141525e-01
-1.131841904486619255e+00
6.291273595841584410e-02
6.752774220654260695e-01
1.893710014850557011e-01
-2.478536130319272113e-01
1.670061900636111152e-01
1.274608636677370344e+00
3.626581955415364433e-01
8.687152819150212313e-01
2.225354882829690129e-01
4.712277372724807956e-01
-2.046751143489684566e-01
-3.355277652129152188e-01
-4.891757998414709152e-01
5.865126049254593132e-01
-2.294733811097463827e-01
8.722324503363988457e-01
-8.696839067009374258e-01
-8.680284221364767960e-01
3.084444640576802787e-01
5.367360168092633055e-01
-8.220466918300679826e-02
-6.569768339148990277e-02
-6.935182402334194585e-01
-7.753977788404968763e-01
-1.645818169022180422e-01
1.520402232660012509e-01
-3.699472426792428936e-01
2.983010164605794934e-01
-1.389253461388463062e+00
7.439966243031206350e-01
1.626856153915554826e+00
1.018313339577182397e+00
-3.987165737124953035e-01
1.670252012401406194e+00
-8.386916579243566261e-01
-1.239507248219794189e+00
4.564484308006164781e-01
-6.347174934534407509e-01
-9.041568421791017496e-01
-8.281025415159647407e-01
-4.391831513390084818e-02
-1.339954183828906964e-01
-8.263583110576112611e-01
7.302858639418264852e-01
4.054561323003925688e-01
4.335636165975610967e-01
5.545932426420179251e-01
1.660220595655217957e-01
-2.205053181641479232e-01
-3.368749686005120814e-02
1.671911052878807813e-01
-8.039613681458414041e-01
5.419573576414180582e-01
4.466215363961744678e-01
1.887451075770156805e-01
-6.348023108139352333e-01
1.121706718567533789e+00
5.497418171217202318e-03
3.891734082402337758e-01
8.502765764940256599e-02
-6.361663964771698820e-01
6.170606668244482673e-01
-5.949153627946499601e-01
4.071224532965855847e-01
-2.941618310869110187e-01
3.101031641006819495e-01
2.243400828362237254e-01
2.068055035675692988e-01
1.574803830757886547e-01
3.394661474126249578e-02
-4.378241940279720690e-01
2.475367019277291136e-01
1.237247563998748356e+00
-9.717160919443361689e-01
-7.566591809544029879e-01
-6.684027615598452099e-02
-1.561463720763391239e+00
-8.215007398685617579e-01
1.323535414532069243e+00
-7.187920468186855816e-01
-4.628008784743644632e-01
-1.091650685341853805e-01
-2.207155011296212388e-01
-9.851031865534194409e-01
-1.138251140732781552e+00
5.350917920268550843e-01
-2.179278858429058163e-01
-2.059940612578927133e-01
-5.402201825387467071e-01
4.942560993568336225e-01
-9.549574710404055145e-01
5.788835483279732852e-01
-5.520332129725715742e-01
5.435266941888684811e-02
3.523501826402622439e-01
1.525766952871757010e+00
1.020899592285119395e+00
2.386787144451341103e-01
-2.804633864674160870e-01
-8.211504521107377830e-01
-1.585274410935471889e-01
-1.526452956598229327e-01
-5.270556027914438113e-01
-5.739923091742197420e-02
-1.508371115436293319e-01
-6.545863372650633227e-01
1.298368917028576708e-01
-5.335399928975876893e-01
-1.894949305955852537e-01
-4.170470846699829703e-01
6.445915443759591135e-01
1.045996884322122122e+00
7.611858390772304750e-01
1.138983730388443139e+00
1.227548981868799016e-01
1.332048806052576473e-01
4.327990068142951730e-01
1.474136929036232169e-01
-5.711989734932738649e-01
-6.962315708438280293e-01
-1.273796534979217965e+00
-2.932340691126752441e-01
-1.059054795053969933e+00
-1.161192140547271934e-01
-1.545713185355276631e-01
5.236646995438605512e-02
-3.310686215596566617e-01
1.020016763188355879e+00
5.365903379495965408e-01
-1.389925891955467452e-01
-1.560033656183910544e+00
-4.917567744547022834e-01
3.034657281877044532e-01
-1.153120075981789894e+00
7.214226918906219144e-01
-4.350352779674077630e-01
3.489260977817849607e-01
6.805473715243968158e-01
2.239086016746834884e-01
2.387764809355564372e-02
1.538762882158881018e+00
-7.302989390661805968e-01
1.061121532046947147e+00
6.550870668342611003e-01
1.179110054187459289e+00
-1.281132718075050914e-01
-6.648177761809503927e-01
6.137964644592762697e-01
-5.917438946697790164e-02
-6.216179480029410120e-01
5.144154033107205537e-01
1.251023317013004954e+00
-1.585874878551394529e+00
-6.139240647046622090e-01
2.803741117725315757e-01
-4.992947624214091884e-01
1.500576080866340201e+00
8.087659155855266846e-01
-8.831942922083366732e-01
3.149534620757766801e-01
5.554030128168502278e-01
-1.166523278763825555e+00
-2.332426000927906307e-01
-5.895911034019402086e-01
-2.411240490205908416e-01
-1.506559122219619073e+00
-7.014382915770568383e-01
8.222243588420848903e-01
7.967545306561224505e-01
7.582293063109202258e-03
-2.715655767758907158e-01
4.230404254168790845e-01
6.204682574359635105e-02
-4.109000303433690271e-01
-1.033688789289262666e-01
-7.192765780779007967e-01
-7.063067654989136912e-01
4.070096427431889596e-01
-4.678462804188752711e-01
-9.952309506274392703e-02
-9.385473638731142154e-01
-2.922877121470243700e-01
-1.167254841420771516e+00
-9.513748400154449225e-01
-1.741486144647171608e-01
5.447184689328975482e-01
5.699804100947715169e-01
6.022836912441733581e-01
6.824242300636000902e-01
-5.602205959800087287e-01
1.501390495022409066e+00
2.314620180519035286e-01
1.220213748996774372e+00
1.033231878709660823e+00
6.449191967815542936e-01
-2.858262652065633458e-01
-1.318912242446028671e+00
4.428621528088262926e-01
6.978313865285262763e-01
-7.048782063649169372e-01
-1.059397951573261443e+00
-8.299399840020584840e-01
3.779775334014435217e-01
2.675553864608127830e-01
-1.595272965872264859e+00
-2.866747165024242094e-01
2.247331447303646812e-01
8.492450411336514848e-02
1.380394346621774737e+00
-9.532404795167985778e-01
-3.464276519488428963e-01
1.673343006537849342e-01
5.191599281670149502e-01
9.950145043218103780e-01
-2.954730166125539292e-01
-4.691153511618605110e-02
-5.609975417397564668e-01
-4.278308997333765129e-01
7.704263848198029674e-01
2.816358708546230077e-02
-7.425606185802472448e-01
-6.698020177603376535e-01
2.669239331316102248e-01
-8.058172282736080216e-01
5.907653302986243249e-01
-7.367492721196031713e-01
-1.353439704137621435e-01
4.346502571554878291e-01
1.082157422002884672e+00
7.960144983288311993e-01
4.608186537106091496e-01
-8.259114599569213899e-01
-3.910748138608030056e-01
8.291825962948499162e-01
-4.157362189085677673e-01
-9.777130054634862732e-01
1.384242921264703108e-01
3.660382235785387128e-01
8.611224662681618014e-01
-1.428471759460273827e+00
3.210708737166023674e-01
-1.245640595217119451e+00
-9.128764312959346539e-01
-7.742277876296986827e-01
1.104084825153995419e+00
-4.044930838906225512e-01
1.117813826965575741e+00
-1.537836912058345440e-01
4.119914733404220902e-02
1.662008384490369362e-01
5.015931197522782714e-01
-1.107506168072940472e-01
-1.644302299111327414e+00
1.385040811842045860e+00
1.471776597484577287e-01
-1.285318256465916908e+00
4.413691703094922425e-01
2.651590883627814588e-01
-5.560050764627777475e-01
7.900273306257176165e-01
-8.509589456971617949e-01
6.780636581988826184e-02
8.938108947995105913e-01
6.427688327485939768e-01
-9.656759357861145476e-01
1.924827552045317303e-01
1.062148172328875928e+00
-3.616440365147869929e-01
-2.286148772386194794e-01
1.119480911037449733e+00
2.252134552353610430e-01
9.045699614665611010e-01
-1.061491140168006053e+00
6.947535253080090456e-01
-1.097608527921827504e+00
-1.116185286897322770e+00
-1.312551313425689703e-01
-1.387167534501016153e+00
-1.348327807434504255e-01
-2.643370010190616015e-01
1.172390646977051060e-01
3.936780195591576548e-01
-4.147782478458745814e-01
-9.814359482427227610e-02
-3.320321086189161330e-01
-7.724333355807411206e-01
2.144327164384337292e-01
6.514060374127392805e-01
5.852709694407917107e-01
-2.511557968447738348e-02
2.684006594083451214e-01
3.680893853706359575e-01
6.588534003659325400e-01
1.092581184172063125e-01
3.067746770792300626e-01
8.963556826353094587e-03
3.454122717456024616e-01
1.311068616431126377e-01
3.437078846463759857e-02
-1.052227806500955376e+00
1.891831123289858252e-01
4.876159035870890057e-01
-5.874165938340353277e-01
-1.760765786847952319e-01
4.317179849583075435e-01
1.961073138811064431e-01
4.459769085179625669e-01
-8.003117454063154446e-01
-4.693785726582572759e-01
6.440663958494635688e-02
1.744482442584629756e-01
1.118063719880851403e+00
5.872740555592522727e-01
1.513469520329019380e+00
1.818025280127613941e-01
4.975446171239725213e-01
1.721995913667100142e+00
5.592270328629606047e-01
3.480014939231534932e-02
-6.279256365348417912e-02
-4.785728581248381297e-01
4.951985962945609776e-01
-9.390037837867608594e-01
8.328806311589920242e-01
-3.840920871628733524e-01
5.177674713461433154e-01
1.087940576429922590e+00
2.324283135563148806e-02
-1.385609211790836737e+00
-2.529666570387803515e-01
-1.826405869920001979e-01
-2.815281713964560284e-01
-1.901599447259306186e-01
5.526324458387804617e-01
-3.074481474150377869e-01
-3.757456898709549131e-02
5.887724484128263880e-01
9.895248155068463863e-03
-3.535524274501811726e-01
4.104855581849084500e-01
-2.534465174222375605e-01
-3.340524533679226638e-01
-7.891305731387374678e-01
1.203167857649126482e+00
1.373618174509282586e+00
-1.130568305132364948e+00
7.613180258860997585e-01
1.202744520841698278e-01
-2.155906792202048894e-01
2.400609284507616847e-01
5.057899061371956551e-01
-9.306180566905484230e-01
5.881791941548941693e-02
2.202570418812373754e-01
-6.174511405212752546e-01
-2.386372889077202353e-01
-8.968026526436186918e-01
8.454704833061371660e-01
-8.539377620093725474e-01
-7.233664234354938438e-01
-1.358411550249306599e+00
-3.104946747450518241e-01
-4.042091249581283297e-01
6.710113343857233570e-01
2.097727499221102576e-01
1.238975083457214410e+00
-1.196898251010669184e-01
1.804826536272146897e-01
-4.899569914680682592e-01
-5.029041799667521850e-01
1.036004647034003856e+00
-7.919096883339618587e-02
4.323015891069383887e-01
4.638606634329400236e-01
8.013701911342044903e-01
-6.418998398986048848e-01
-5.455682660497217507e-01
-2.558091832518825104e-01
1.858318077732835416e+00
-1.610332663637510153e+00
3.083818008043581749e-01
-1.446286627936554492e+00
1.475805163042825108e-01
1.010985317971196285e+00
-3.112600649842339751e-01
3.220600702789122027e-01
-3.690607567864727656e-01
1.656753931068157548e-01
-5.919961361565243552e-01
2.409322209302548062e-02
-7.392502028693478389e-01
3.104475538666933709e-01
2.081952841402107401e-01
7.405622545083070385e-01
-1.279792377732741071e-01
9.431974144972161966e-03
3.189782525108548206e-01
5.635778899021860466e-01
1.672683516313071550e+00
6.109451353416862629e-01
-8.519517439421231408e-02
6.402515698701372049e-01
3.857453611950340533e-01
-1.278611808035778341e-01
6.292467024575792989e-01
-5.973233897489326205e-01
1.066221342889015045e+00
-9.268437583096004184e-01
3.501698672518999689e-01
-4.498851641497481069e-02
1.630469638754004524e+00
-6.823295497707962953e-01
-3.551172483706519500e-01
-7.599151793843932079e-02
9.116153954443768637e-01
-3.392732724618632151e-02
-5.979983846934655567e-01
1.403577250289045897e-01
-1.500160222480760863e-01
-1.251947372995345420e+00
-5.980356897483901646e-02
-6.201232166920030986e-01
3.566519371491214119e-01
-3.464597513890003699e-01
2.134978254931998998e-01
1.032376855953114764e-01
-5.820962281086379253e-01
-4.406911134157812104e-02
-8.844398566079318957e-01
4.542727248971030196e-01
-1.026999431078720049e-01
9.087239221912736253e-01
5.556975963269623620e-01
-9.850267793705771990e-02
2.456332128179734287e-01
-4.221774763094064409e-01
-2.073712391854167336e+00
1.058002937892867923e-01
-1.859239607094064495e-01
4.651621045380012476e-02
9.081022376733964840e-01
3.518598384468926699e-02
-1.605396266151059292e-01
-4.142424346973836435e-01
-8.058650077707928405e-01
1.504347208982429740e-01
7.743538000729789650e-02
7.513734338657824807e-01
1.547768461814678087e+00
-4.228108172665124842e-01
8.455246320683500183e-02
3.449267339197307214e-01
4.021386478812047360e-01
-8.827214929324144199e-01
6.762421953138354758e-02
5.210436750471790779e-01
9.445959742694638450e-01
-9.728340880047443573e-01
7.903707852042851645e-01
1.261243765233464043e-01
-4.966854054963703025e-01
1.262613711328824384e-01
-6.413764097940564124e-01
-1.366803950143490320e+00
-6.742363936776643030e-01
-9.877392974469555442e-01
3.093784264224402336e-01
-1.090847834430258290e-01
-4.530278797741637414e-02
4.964002813108375767e-01
3.730978281103491945e-01
1.367168407090568971e+00
-1.774432692559123392e+00
3.661595312694200799e-01
5.566197184126304293e-02
1.117778417489032616e+00
9.218977492564355281e-01
-5.692451947655566835e-01
-5.523844377357173263e-01
-8.245921551087291856e-01
4.828636400855601529e-01
-5.499825169476545428e-01
4.004170100579754199e-04
-1.394685861626104417e+00
5.669808618762122165e-01
-6.866482191807702362e-01
1.936184643415716500e-01
-2.629866791282204908e-01
2.134817408506780589e-01
5.828512792052167324e-01
-1.502930707240335839e-01
-4.278404801248143485e-01
6.192063302856212204e-01
3.937417566648530043e-01
8.014167343701835700e-01
7.945409082862880945e-01
1.301907141939732337e+00
5.999225326229782329e-01
9.867849984791109419e-01
-6.338401562934363742e-01
1.161276100174293058e+00
5.549707939581107752e-01
-4.377281808801088137e-02
1.592212669524649404e-01
-5.021867307019738380e-01
4.490624002413580174e-01
8.007743293322410194e-01
-1.573264930919647808e-01
-2.618563155547523613e-01
-9.495564675861234427e-01
-1.025664296211301174e+00
-3.911867315281915558e-01
5.018031590223179794e-01
-3.182406162244031389e-01
1.810503092741938547e+00
6.235131376683992199e-01
1.533391800733525656e+00
1.049699633504542540e+00
-4.432591032972598710e-01
1.777942339296326058e+00
-6.811044030938671057e-01
1.412126425773635452e-02
-4.033325622012535194e-01
-5.285508518168655634e-01
-1.863497567275032574e-01
-9.131672424355984363e-01
4.120427132067616682e-02
-3.599090108598510529e-01
3.811889033627090528e-01
-1.637743503013819324e-01
6.147232519284950847e-02
2.564298090777512029e-01
-1.363632604297962125e-01
-7.944633639908340594e-01
-4.239519407604689372e-01
-9.517191267159919033e-01
9.122813520657930830e-01
-7.235567846667699810e-01
3.660872907548444743e-01
-4.148613328278917267e-01
-5.327092184256171370e-02
-1.477980831691768082e-01
1.395251317812052361e-01
7.856877356736439166e-01
-5.902328099285715224e-01
2.340513994369257111e-01
2.118250614400427889e-01
-6.553447688432542106e-01
-3.721714359327417676e-01
8.262135755341890042e-02
4.309824081821592712e-01
-8.328963085346585693e-03
-9.334915833179724398e-01
2.741107600347297280e-01
3.899918492584739105e-01
9.287323572322851994e-01
-1.815862255216779131e-01
-3.367483834624502292e-01
4.228470330460032400e-01
-5.171852543272810188e-01
-1.144502855504691441e+00
-2.294893363128266972e-01
-4.328097328269108757e-01
-2.269303561227326294e-01
2.205004732223094788e-01
-2.171679716149953476e-01
-7.379853856561580105e-01
5.952193970324146655e-01
-2.408352519808635850e-01
-2.380621549704702300e-01
-6.022411474315761959e-01
-2.025988071252517175e-01
5.047506790013595035e-01
-9.565201358022525913e-01
3.896247303506889526e-01
-8.935960112889616003e-01
2.964677430585391793e-01
7.794463571203623653e-01
1.260044926351392425e-01
9.436576670622115470e-01
1.714949482290248906e-01
-4.998979099865182851e-01
-5.543177735646925841e-01
8.011301505798593681e-01
4.572830468227234157e-01
1.404528966463261530e-01
3.709222238501439506e-01
2.060375826062755544e-01
-5.297497982199945721e-01
-5.102009599333879875e-01
-4.237588964536119218e-01
5.936166630312244008e-01
-7.431945259974868101e-01
-3.502713893610312490e-01
6.862957922330554794e-01
-4.084055464758529763e-01
2.296362355285509055e-02
6.783724340094896554e-01
1.527486600968167851e-01
-9.387656268115690539e-01
6.397680952855715475e-01
-7.923896960294640746e-01
-4.179995696155104634e-02
4.115388636562030134e-01
9.594933118420279072e-01
3.102197330431678002e-01
-8.665978102679542383e-01
-1.499620050272951755e-01
-7.696069091827154596e-01
5.424724538406806573e-01
7.227365432756982511e-02
-7.696629435566855193e-01
1.859368271580986720e-01
5.323827317583357255e-01
-5.250785875402184111e-01
2.701688815250470888e-01
9.285348801631217175e-02
9.960637868964375974e-01
2.299018903473588060e-01
2.239560381299691150e-01
9.806101576126298180e-01
-1.440271650148968074e+00
-2.849763384231306373e-01
3.257425227692644643e-01
-1.849998625298993893e-01
1.183567902678883121e-01
-8.575504269436278193e-01
-1.459295924395528632e-01
9.083843736877199593e-01
-4.290894558146963744e-01
-1.073742666706388738e+00
-5.101937516385752769e-01
-8.238009797456345706e-02
-3.699939169143658946e-01
-7.851064660345002943e-01
9.203032365745398291e-01
-8.135600598840267428e-02
8.190982496744316776e-01
-4.663694188857200884e-02
-1.795036637309992855e+00
9.628388619093393164e-01
2.641595361399212138e-01
-4.448221693550796219e-01
-6.591549265173581029e-02
-9.999182049136471351e-01
-2.265217949769486594e-01
4.497872888647573286e-01
8.765848143425614136e-02
-8.999367718667558580e-02
-1.563544231496844239e-01
7.051745926113641705e-01
2.461127464257608505e-02
-6.853425626884228627e-01
9.945127253378436283e-01
6.022855849680277540e-01
-2.250698715785630355e-01
1.136410186946231970e+00
1.452675165974056659e+00
-9.728497128539200789e-01
-6.041088848575411063e-01
-1.423796481930393876e-01
-2.449199990077806088e-01
2.141648276917321458e-01
-5.478800413307206574e-01
3.522319851535753443e-01
-1.035103674926996842e+00
6.737856213490223123e-01
3.560914077576413095e-01
-4.283827140017543167e-01
4.607349149237237040e-01
6.536713200785093658e-01
6.347619352157627404e-01
2.771563532630483828e-01
3.334625767504683092e-01
1.131544691537397229e+00
-5.541598513617145283e-01
-3.655267935094071441e-01
8.708357224896720039e-01
4.123472467786034046e-01
1.021678969891651967e+00
-6.598807270071114228e-01
-5.050123123433291061e-01
5.432311028757400573e-01
3.620624259909118736e-01
4.852862059566320774e-01
4.753232864384111522e-01
-5.624138012640630402e-01
-3.138533503091699983e-01
-2.022837143705270568e-01
1.289200366433757683e+00
-6.513426168498849256e-01
5.857310939372541991e-01
-1.697096819082282160e-01
-1.053248236941565219e+00
6.572443628912142399e-01
2.978503778112061018e-01
6.789067239606612347e-02
1.000918367901688921e-01
-6.502606420262170284e-01
7.953864743610020716e-01
2.624480892663640930e-01
-2.948223959440465225e-01
-2.634922019272940563e-01
5.040577567516151269e-01
-4.434917703332274391e-02
-1.902794439625113965e-01
-5.436378014610323550e-01
-6.333319573672845371e-01
3.383905527825525894e-01
1.043240734907942002e+00
-2.348944614672868539e-02
4.697697057312115176e-01
-4.362507027403029758e-01
2.039583292504066059e-01
1.244319176103503066e+00
2.588422232691492408e-01
-7.952702856966689660e-02
-6.648407230519394473e-02
-9.751310661515202316e-01
7.831476514021946667e-01
1.090346706114562414e+00
5.284546039768985848e-01
-6.038837386509772198e-01
9.231690740271517592e-01
5.195427323662393793e-01
-4.627837399644316729e-01
-9.029672493359910401e-01
-7.209743109251534610e-02
-3.070278737262288060e-01
-5.016770783174169246e-01
2.319665452940869732e-01
9.695085410732674491e-01
7.678258123952576286e-02
-2.740979567755296165e-01
-5.975275848835805981e-01
5.163904745865478541e-01
1.365737983959159463e+00
9.875936007343594225e-01
-5.478862195743506858e-01
4.044535786933279864e-01
1.381592395651019656e+00
-3.027971277571868680e-01
-1.255229827803687304e+00
1.081723525271501618e+00
8.982354296686277939e-01
-4.570634103220896916e-01
-6.539294799944836978e-01
1.168565254563412203e+00
-4.380811275883944589e-01
3.159999678176226290e-01
-6.170945167630514927e-01
-6.456260680115447070e-02
-3.205117387819100272e-01
3.479360874050420327e-02
-1.629607618774726596e+00
-3.830051217812934228e-01
4.885252719092138540e-01
-5.943780422213067460e-01
1.145371888307860075e+00
-1.405525643929006474e-01
-1.473934184105476941e+00
2.452247376967834069e-01
